version https://git-lfs.github.com/spec/v1
oid sha256:765b1149e2ad0d3b78926b4f282a5d26c3a4657be58378772f4ec6d843b4e11b
size 294652
